0 STARLINK-34595
1 64749U 25144AB  25198.92418762 -.00153530  00000-0 -10719-2 0  9999
2 64749  53.1581 195.3897 0002275  27.3199 332.7940 15.73995295  3718
0 STARLINK-34531
1 64750U 25144AC  25198.91667824 -.01456465  00000-0 -11468-1 0  9990
2 64750  53.1585 195.4298 0001229 104.4382 211.2368 15.73778653  3733
0 PROGRESS MS-31
1 64751U 25146A   25198.88731779  .00007881  00000-0  14626-3 0  9992
2 64751  51.6349 154.8881 0002269  90.8972 300.4545 15.49933775  2097
0 SHIYAN 28B-01 (SY-28B 01
1 64753U 25145A   25198.76574909  .00000567  00000-0  52364-4 0  9996
2 64753  11.0003 345.7453 0003300 229.5556 130.4384 14.29198237  1991
0 STARLINK-33965
1 64755U 25147A   25198.91667824 -.01434099  00000-0 -87533-2 0  9994
2 64755  53.1559 260.2227 0000954  84.9818 119.7751 15.79429148  2760
0 STARLINK-34371
1 64756U 25147B   25198.91667824 -.01431000  00000-0 -87202-2 0  9997
2 64756  53.1575 260.2189 0001007  90.0867 116.4570 15.79457948  2670
0 STARLINK-34401
1 64757U 25147C   25198.91667824 -.01438932  00000-0 -87831-2 0  9997
2 64757  53.1576 260.2143 0001008  94.3910 114.3554 15.79437311  2614
0 STARLINK-34593
1 64758U 25147D   25198.91667824 -.01454216  00000-0 -88947-2 0  9990
2 64758  53.1574 260.2096 0001055  78.0346 132.8673 15.79421901  2721
0 STARLINK-34598
1 64759U 25147E   25198.91667824 -.01461907  00000-0 -89510-2 0  9993
2 64759  53.1575 260.2054 0001060  91.5042 121.4999 15.79414426  2679
0 STARLINK-34235
1 64760U 25147F   25198.91667824 -.01474622  00000-0 -90511-2 0  9996
2 64760  53.1572 260.2007 0001051  83.8721 131.3728 15.79385972  2767
0 STARLINK-34635
1 64761U 25147G   25198.91667824 -.01483947  00000-0 -91122-2 0  9996
2 64761  53.1572 260.1965 0001077  90.6953 126.5394 15.79394836  2721
0 STARLINK-34638
1 64762U 25147H   25198.91667824 -.01504376  00000-0 -92639-2 0  9991
2 64762  53.1575 260.1918 0001020  92.4048 127.0605 15.79374136  2728
0 STARLINK-34534
1 64763U 25147J   25198.91667824 -.01519480  00000-0 -93707-2 0  9991
2 64763  53.1570 260.1875 0001045  93.9944 127.5317 15.79371824  2720
0 STARLINK-34261
1 64764U 25147K   25198.91667824 -.01540478  00000-0 -95225-2 0  9990
2 64764  53.1571 260.1830 0000989  85.8539 137.8010 15.79363367  2760
0 STARLINK-34566
1 64765U 25147L   25198.91667824 -.01561640  00000-0 -96794-2 0  9997
2 64765  53.1571 260.1786 0001005  97.6408 128.1748 15.79346976  2721
0 STARLINK-34645
1 64766U 25147M   25198.91667824 -.01583275  00000-0 -98302-2 0  9993
2 64766  53.1570 260.1743 0001032 104.0310 123.8000 15.79353366  2723
0 STARLINK-34639
1 64767U 25147N   25198.91667824 -.01606459  00000-0 -10008-1 0  9990
2 64767  53.1570 260.1696 0001024 110.0835 119.9540 15.79326880  2671
0 STARLINK-34609
1 64768U 25147P   25198.91667824 -.01608663  00000-0 -10034-1 0  9999
2 64768  53.1572 260.1652 0000902  88.4708 143.6745 15.79306225  2725
0 STARLINK-34246
1 64769U 25147Q   25198.91667824 -.01624849  00000-0 -10173-1 0  9998
2 64769  53.1559 260.1603 0000936  93.7017 140.7212 15.79257447  2724
0 STARLINK-34618
1 64770U 25147R   25198.91667824 -.01631567  00000-0 -10223-1 0  9991
2 64770  53.1560 260.1560 0000857  95.2786 141.1398 15.79255295  2619
0 STARLINK-34541
1 64771U 25147S   25198.91667824 -.01645072  00000-0 -10331-1 0  9998
2 64771  53.1561 260.1513 0000854  91.3609 147.1874 15.79233896  2604
0 STARLINK-34652
1 64772U 25147T   25198.91667824 -.01685605  00000-0 -10385-1 0  9994
2 64772  53.1560 260.1472 0000812  90.3608 150.2202 15.79224466  2726
0 STARLINK-34612
1 64773U 25147U   25198.91667824 -.01699094  00000-0 -10495-1 0  9994
2 64773  53.1556 260.1425 0000881  95.7164 147.0576 15.79190294  2721
0 STARLINK-34621
1 64774U 25147V   25198.91667824 -.01712618  00000-0 -10603-1 0  9994
2 64774  53.1558 260.1379 0000887  93.8804 151.0488 15.79162464  2611
0 STARLINK-34657
1 64775U 25147W   25198.91667824 -.01726078  00000-0 -10716-1 0  9995
2 64775  53.1557 260.1336 0000820  87.0874 160.0399 15.79125261  2720
0 STARLINK-34637
1 64776U 25147X   25198.91667824 -.01734622  00000-0 -10778-1 0  9998
2 64776  53.1557 260.1290 0000848  87.3316 161.7944 15.79121188  2610
0 STARLINK-34547
1 64777U 25147Y   25198.91667824 -.01747593  00000-0 -10876-1 0  9999
2 64777  53.1568 260.1252 0000739  99.1527 152.0364 15.79109271  2679
0 STARLINK-34537
1 64778U 25147Z   25198.91667824 -.02160614  00000-0 -10774-1 0  9991
2 64778  53.1556 259.9576 0000589  88.5209 243.8214 15.84507058  2768
0 STARLINK-34585
1 64779U 25147AA  25198.91667824 -.01771765  00000-0 -11077-1 0  9993
2 64779  53.1565 260.1164 0000745 100.5890 154.8827 15.79050260  2674
0 STARLINK-34491
1 64780U 25147AB  25198.91667824 -.01783489  00000-0 -11184-1 0  9990
2 64780  53.1553 260.1119 0000802  87.7562 169.9269 15.79003668  2722
0 STARLINK-34582
1 64781U 25147AC  25198.91667824 -.01794583  00000-0 -11285-1 0  9990
2 64781  53.1559 260.1072 0000807  91.9185 167.9541 15.78961642  2613
0 STARLINK-34482
1 64782U 25147AD  25198.91667824 -.01810521  00000-0 -11421-1 0  9994
2 64782  53.1558 260.1028 0000862  95.3651 166.7044 15.78919763  2769
0 TIANZHOU-9
1 64786U 25149A   25198.86013322  .00008035  00000-0  14434-2 0  9996
2 64786  98.7690 212.1764 0025153 262.0650  97.7697 14.66764666   391